0.18.0		2023-12-14T09:54:37Z	
0.19.0		2024-06-17T09:05:44Z	
