5.0.0-DevPreview		2021-09-21T10:41:37Z	
5.0.0-DevPreview-1.0		2021-09-24T17:06:07Z	
5.0.0-DevPreview-1.0.1		2022-02-09T10:55:41Z	
