1.0		2015-10-18T17:26:20Z	
