0.2.0		2026-07-21T11:39:25Z	
0.3.0		2026-08-06T11:49:07Z	
