0.1.0		2026-03-18T19:15:09Z	
0.1.1		2026-03-18T20:22:42Z	
0.2.0		2026-03-18T20:43:12Z	
0.2.1		2026-03-19T03:05:28Z	
0.2.2		2026-03-20T21:18:43Z	
0.2.3		2026-03-21T14:28:57Z	
0.2.4		2026-04-01T18:48:16Z	
