0.1		2010-05-20T01:25:16Z	
0.2		2010-05-20T01:25:15Z	
