0.1.0		2026-06-25T08:55:10Z	
0.10.0			
0.11.0			
0.2.0		2026-07-02T14:19:00Z	
0.3.0		2026-07-03T10:46:59Z	
0.4.0		2026-07-06T15:00:07Z	
0.5.0			
0.6.0			
0.7.0			
0.8.0			
0.9.0			
