0.0.1		2017-04-14T01:44:59Z	
0.0.2		2017-04-24T04:53:00Z	
1.0.0		2017-06-13T01:28:51Z	
1.1.0		2017-09-14T02:46:36Z	
1.2.0		2018-03-18T23:37:28Z	
2.0.0		2023-12-19T06:02:35Z	
2.1.0		2024-09-18T08:00:06Z	
