1.7.0		2019-07-19T11:14:01Z	
1.8.0		2021-11-11T14:38:27Z	
2.0.0		2023-12-16T13:04:04Z	
2.0.1		2023-12-17T12:28:40Z	
2.1.0		2023-12-18T11:02:19Z	
