3.2.8		2015-10-25T00:40:20Z	
