4.2.10		2026-07-07T13:05:16Z	
4.2.11			
4.2.12		2026-07-21T13:52:01Z	
4.2.13			
4.2.7		2025-07-30T14:25:03Z	
4.2.8		2025-08-04T14:26:54Z	
4.2.9		2026-06-23T12:19:23Z	
