1.2.0-Alpha3		2017-04-27T16:15:31Z	
1.2.0-Alpha4		2018-02-10T21:37:38Z	
