3.0.0.RELEASE		2020-03-18T09:18:53Z	
3.0.1.RELEASE		2020-03-26T09:59:23Z	
3.1.0.RELEASE		2020-03-26T14:42:55Z	
