0.3.2		2016-12-09T10:13:12Z	
0.3.3		2017-01-02T13:26:58Z	
0.3.5		2017-02-14T16:48:16Z	
0.4.0		2017-09-18T14:56:58Z	
0.4.1		2017-12-02T18:56:37Z	
