1.5.0		2016-03-10T22:36:41Z	
1.5.1		2016-04-21T05:12:42Z	
1.6.0		2016-06-24T22:54:21Z	
