1.0.0		2018-11-19T19:23:19Z	
1.0.1		2018-11-20T05:49:41Z	
1.0.2		2018-11-22T02:56:43Z	
