26.0.0.5		2026-05-13T20:00:46Z	IOException: Tail request on https://maven-central.storage-download.googleapis.com/maven2/io/openliberty/features/faces-4.1/26.0.0.5/faces-4.1-26.0.0.5.jar returned status 404
26.0.0.6		2026-06-09T11:17:34Z	IOException: Tail request on https://maven-central.storage-download.googleapis.com/maven2/io/openliberty/features/faces-4.1/26.0.0.6/faces-4.1-26.0.0.6.jar returned status 404
26.0.0.7			IOException: Tail request on https://maven-central.storage-download.googleapis.com/maven2/io/openliberty/features/faces-4.1/26.0.0.7/faces-4.1-26.0.0.7.jar returned status 404
26.0.0.8		2026-08-05T12:04:23Z	IOException: Tail request on https://maven-central.storage-download.googleapis.com/maven2/io/openliberty/features/faces-4.1/26.0.0.8/faces-4.1-26.0.0.8.jar returned status 404
26.0.0.9			IOException: Tail request on https://maven-central.storage-download.googleapis.com/maven2/io/openliberty/features/faces-4.1/26.0.0.9/faces-4.1-26.0.0.9.jar returned status 404
