19.0.0.10			IOException: Tail request on https://maven-central.storage-download.googleapis.com/maven2/io/openliberty/features/mpRestClient-1.3/19.0.0.10/mpRestClient-1.3-19.0.0.10.jar returned status 404
19.0.0.11			IOException: Tail request on https://maven-central.storage-download.googleapis.com/maven2/io/openliberty/features/mpRestClient-1.3/19.0.0.11/mpRestClient-1.3-19.0.0.11.jar returned status 404
19.0.0.12			IOException: Tail request on https://maven-central.storage-download.googleapis.com/maven2/io/openliberty/features/mpRestClient-1.3/19.0.0.12/mpRestClient-1.3-19.0.0.12.jar returned status 404
19.0.0.7			IOException: Tail request on https://maven-central.storage-download.googleapis.com/maven2/io/openliberty/features/mpRestClient-1.3/19.0.0.7/mpRestClient-1.3-19.0.0.7.jar returned status 404
19.0.0.8			IOException: Tail request on https://maven-central.storage-download.googleapis.com/maven2/io/openliberty/features/mpRestClient-1.3/19.0.0.8/mpRestClient-1.3-19.0.0.8.jar returned status 404
19.0.0.9			IOException: Tail request on https://maven-central.storage-download.googleapis.com/maven2/io/openliberty/features/mpRestClient-1.3/19.0.0.9/mpRestClient-1.3-19.0.0.9.jar returned status 404
20.0.0.1			IOException: Tail request on https://maven-central.storage-download.googleapis.com/maven2/io/openliberty/features/mpRestClient-1.3/20.0.0.1/mpRestClient-1.3-20.0.0.1.jar returned status 404
20.0.0.10			IOException: Tail request on https://maven-central.storage-download.googleapis.com/maven2/io/openliberty/features/mpRestClient-1.3/20.0.0.10/mpRestClient-1.3-20.0.0.10.jar returned status 404
20.0.0.11			IOException: Tail request on https://maven-central.storage-download.googleapis.com/maven2/io/openliberty/features/mpRestClient-1.3/20.0.0.11/mpRestClient-1.3-20.0.0.11.jar returned status 404
20.0.0.12			IOException: Tail request on https://maven-central.storage-download.googleapis.com/maven2/io/openliberty/features/mpRestClient-1.3/20.0.0.12/mpRestClient-1.3-20.0.0.12.jar returned status 404
20.0.0.2			IOException: Tail request on https://maven-central.storage-download.googleapis.com/maven2/io/openliberty/features/mpRestClient-1.3/20.0.0.2/mpRestClient-1.3-20.0.0.2.jar returned status 404
20.0.0.3			IOException: Tail request on https://maven-central.storage-download.googleapis.com/maven2/io/openliberty/features/mpRestClient-1.3/20.0.0.3/mpRestClient-1.3-20.0.0.3.jar returned status 404
20.0.0.4			IOException: Tail request on https://maven-central.storage-download.googleapis.com/maven2/io/openliberty/features/mpRestClient-1.3/20.0.0.4/mpRestClient-1.3-20.0.0.4.jar returned status 404
20.0.0.5			IOException: Tail request on https://maven-central.storage-download.googleapis.com/maven2/io/openliberty/features/mpRestClient-1.3/20.0.0.5/mpRestClient-1.3-20.0.0.5.jar returned status 404
20.0.0.6			IOException: Tail request on https://maven-central.storage-download.googleapis.com/maven2/io/openliberty/features/mpRestClient-1.3/20.0.0.6/mpRestClient-1.3-20.0.0.6.jar returned status 404
20.0.0.7			IOException: Tail request on https://maven-central.storage-download.googleapis.com/maven2/io/openliberty/features/mpRestClient-1.3/20.0.0.7/mpRestClient-1.3-20.0.0.7.jar returned status 404
20.0.0.8			IOException: Tail request on https://maven-central.storage-download.googleapis.com/maven2/io/openliberty/features/mpRestClient-1.3/20.0.0.8/mpRestClient-1.3-20.0.0.8.jar returned status 404
20.0.0.9			IOException: Tail request on https://maven-central.storage-download.googleapis.com/maven2/io/openliberty/features/mpRestClient-1.3/20.0.0.9/mpRestClient-1.3-20.0.0.9.jar returned status 404
21.0.0.1			IOException: Tail request on https://maven-central.storage-download.googleapis.com/maven2/io/openliberty/features/mpRestClient-1.3/21.0.0.1/mpRestClient-1.3-21.0.0.1.jar returned status 404
21.0.0.10			IOException: Tail request on https://maven-central.storage-download.googleapis.com/maven2/io/openliberty/features/mpRestClient-1.3/21.0.0.10/mpRestClient-1.3-21.0.0.10.jar returned status 404
21.0.0.11			IOException: Tail request on https://maven-central.storage-download.googleapis.com/maven2/io/openliberty/features/mpRestClient-1.3/21.0.0.11/mpRestClient-1.3-21.0.0.11.jar returned status 404
21.0.0.12			IOException: Tail request on https://maven-central.storage-download.googleapis.com/maven2/io/openliberty/features/mpRestClient-1.3/21.0.0.12/mpRestClient-1.3-21.0.0.12.jar returned status 404
21.0.0.2			IOException: Tail request on https://maven-central.storage-download.googleapis.com/maven2/io/openliberty/features/mpRestClient-1.3/21.0.0.2/mpRestClient-1.3-21.0.0.2.jar returned status 404
21.0.0.3			IOException: Tail request on https://maven-central.storage-download.googleapis.com/maven2/io/openliberty/features/mpRestClient-1.3/21.0.0.3/mpRestClient-1.3-21.0.0.3.jar returned status 404
21.0.0.4			IOException: Tail request on https://maven-central.storage-download.googleapis.com/maven2/io/openliberty/features/mpRestClient-1.3/21.0.0.4/mpRestClient-1.3-21.0.0.4.jar returned status 404
21.0.0.5			IOException: Tail request on https://maven-central.storage-download.googleapis.com/maven2/io/openliberty/features/mpRestClient-1.3/21.0.0.5/mpRestClient-1.3-21.0.0.5.jar returned status 404
21.0.0.6			IOException: Tail request on https://maven-central.storage-download.googleapis.com/maven2/io/openliberty/features/mpRestClient-1.3/21.0.0.6/mpRestClient-1.3-21.0.0.6.jar returned status 404
21.0.0.7			IOException: Tail request on https://maven-central.storage-download.googleapis.com/maven2/io/openliberty/features/mpRestClient-1.3/21.0.0.7/mpRestClient-1.3-21.0.0.7.jar returned status 404
21.0.0.8			IOException: Tail request on https://maven-central.storage-download.googleapis.com/maven2/io/openliberty/features/mpRestClient-1.3/21.0.0.8/mpRestClient-1.3-21.0.0.8.jar returned status 404
21.0.0.9			IOException: Tail request on https://maven-central.storage-download.googleapis.com/maven2/io/openliberty/features/mpRestClient-1.3/21.0.0.9/mpRestClient-1.3-21.0.0.9.jar returned status 404
22.0.0.1			IOException: Tail request on https://maven-central.storage-download.googleapis.com/maven2/io/openliberty/features/mpRestClient-1.3/22.0.0.1/mpRestClient-1.3-22.0.0.1.jar returned status 404
22.0.0.10			IOException: Tail request on https://maven-central.storage-download.googleapis.com/maven2/io/openliberty/features/mpRestClient-1.3/22.0.0.10/mpRestClient-1.3-22.0.0.10.jar returned status 404
22.0.0.11			IOException: Tail request on https://maven-central.storage-download.googleapis.com/maven2/io/openliberty/features/mpRestClient-1.3/22.0.0.11/mpRestClient-1.3-22.0.0.11.jar returned status 404
22.0.0.12			IOException: Tail request on https://maven-central.storage-download.googleapis.com/maven2/io/openliberty/features/mpRestClient-1.3/22.0.0.12/mpRestClient-1.3-22.0.0.12.jar returned status 404
22.0.0.13			IOException: Tail request on https://maven-central.storage-download.googleapis.com/maven2/io/openliberty/features/mpRestClient-1.3/22.0.0.13/mpRestClient-1.3-22.0.0.13.jar returned status 404
22.0.0.2			IOException: Tail request on https://maven-central.storage-download.googleapis.com/maven2/io/openliberty/features/mpRestClient-1.3/22.0.0.2/mpRestClient-1.3-22.0.0.2.jar returned status 404
22.0.0.3			IOException: Tail request on https://maven-central.storage-download.googleapis.com/maven2/io/openliberty/features/mpRestClient-1.3/22.0.0.3/mpRestClient-1.3-22.0.0.3.jar returned status 404
22.0.0.4			IOException: Tail request on https://maven-central.storage-download.googleapis.com/maven2/io/openliberty/features/mpRestClient-1.3/22.0.0.4/mpRestClient-1.3-22.0.0.4.jar returned status 404
22.0.0.5			IOException: Tail request on https://maven-central.storage-download.googleapis.com/maven2/io/openliberty/features/mpRestClient-1.3/22.0.0.5/mpRestClient-1.3-22.0.0.5.jar returned status 404
22.0.0.6			IOException: Tail request on https://maven-central.storage-download.googleapis.com/maven2/io/openliberty/features/mpRestClient-1.3/22.0.0.6/mpRestClient-1.3-22.0.0.6.jar returned status 404
22.0.0.7			IOException: Tail request on https://maven-central.storage-download.googleapis.com/maven2/io/openliberty/features/mpRestClient-1.3/22.0.0.7/mpRestClient-1.3-22.0.0.7.jar returned status 404
22.0.0.8			IOException: Tail request on https://maven-central.storage-download.googleapis.com/maven2/io/openliberty/features/mpRestClient-1.3/22.0.0.8/mpRestClient-1.3-22.0.0.8.jar returned status 404
22.0.0.9			IOException: Tail request on https://maven-central.storage-download.googleapis.com/maven2/io/openliberty/features/mpRestClient-1.3/22.0.0.9/mpRestClient-1.3-22.0.0.9.jar returned status 404
23.0.0.1			IOException: Tail request on https://maven-central.storage-download.googleapis.com/maven2/io/openliberty/features/mpRestClient-1.3/23.0.0.1/mpRestClient-1.3-23.0.0.1.jar returned status 404
23.0.0.10			IOException: Tail request on https://maven-central.storage-download.googleapis.com/maven2/io/openliberty/features/mpRestClient-1.3/23.0.0.10/mpRestClient-1.3-23.0.0.10.jar returned status 404
23.0.0.11			IOException: Tail request on https://maven-central.storage-download.googleapis.com/maven2/io/openliberty/features/mpRestClient-1.3/23.0.0.11/mpRestClient-1.3-23.0.0.11.jar returned status 404
23.0.0.12			IOException: Tail request on https://maven-central.storage-download.googleapis.com/maven2/io/openliberty/features/mpRestClient-1.3/23.0.0.12/mpRestClient-1.3-23.0.0.12.jar returned status 404
23.0.0.2			IOException: Tail request on https://maven-central.storage-download.googleapis.com/maven2/io/openliberty/features/mpRestClient-1.3/23.0.0.2/mpRestClient-1.3-23.0.0.2.jar returned status 404
23.0.0.3			IOException: Tail request on https://maven-central.storage-download.googleapis.com/maven2/io/openliberty/features/mpRestClient-1.3/23.0.0.3/mpRestClient-1.3-23.0.0.3.jar returned status 404
23.0.0.4			IOException: Tail request on https://maven-central.storage-download.googleapis.com/maven2/io/openliberty/features/mpRestClient-1.3/23.0.0.4/mpRestClient-1.3-23.0.0.4.jar returned status 404
23.0.0.5			IOException: Tail request on https://maven-central.storage-download.googleapis.com/maven2/io/openliberty/features/mpRestClient-1.3/23.0.0.5/mpRestClient-1.3-23.0.0.5.jar returned status 404
23.0.0.6			IOException: Tail request on https://maven-central.storage-download.googleapis.com/maven2/io/openliberty/features/mpRestClient-1.3/23.0.0.6/mpRestClient-1.3-23.0.0.6.jar returned status 404
23.0.0.7			IOException: Tail request on https://maven-central.storage-download.googleapis.com/maven2/io/openliberty/features/mpRestClient-1.3/23.0.0.7/mpRestClient-1.3-23.0.0.7.jar returned status 404
23.0.0.8			IOException: Tail request on https://maven-central.storage-download.googleapis.com/maven2/io/openliberty/features/mpRestClient-1.3/23.0.0.8/mpRestClient-1.3-23.0.0.8.jar returned status 404
23.0.0.9			IOException: Tail request on https://maven-central.storage-download.googleapis.com/maven2/io/openliberty/features/mpRestClient-1.3/23.0.0.9/mpRestClient-1.3-23.0.0.9.jar returned status 404
24.0.0.1			IOException: Tail request on https://maven-central.storage-download.googleapis.com/maven2/io/openliberty/features/mpRestClient-1.3/24.0.0.1/mpRestClient-1.3-24.0.0.1.jar returned status 404
24.0.0.10			IOException: Tail request on https://maven-central.storage-download.googleapis.com/maven2/io/openliberty/features/mpRestClient-1.3/24.0.0.10/mpRestClient-1.3-24.0.0.10.jar returned status 404
24.0.0.11			IOException: Tail request on https://maven-central.storage-download.googleapis.com/maven2/io/openliberty/features/mpRestClient-1.3/24.0.0.11/mpRestClient-1.3-24.0.0.11.jar returned status 404
24.0.0.12			IOException: Tail request on https://maven-central.storage-download.googleapis.com/maven2/io/openliberty/features/mpRestClient-1.3/24.0.0.12/mpRestClient-1.3-24.0.0.12.jar returned status 404
24.0.0.2			IOException: Tail request on https://maven-central.storage-download.googleapis.com/maven2/io/openliberty/features/mpRestClient-1.3/24.0.0.2/mpRestClient-1.3-24.0.0.2.jar returned status 404
24.0.0.3			IOException: Tail request on https://maven-central.storage-download.googleapis.com/maven2/io/openliberty/features/mpRestClient-1.3/24.0.0.3/mpRestClient-1.3-24.0.0.3.jar returned status 404
24.0.0.4			IOException: Tail request on https://maven-central.storage-download.googleapis.com/maven2/io/openliberty/features/mpRestClient-1.3/24.0.0.4/mpRestClient-1.3-24.0.0.4.jar returned status 404
24.0.0.5			IOException: Tail request on https://maven-central.storage-download.googleapis.com/maven2/io/openliberty/features/mpRestClient-1.3/24.0.0.5/mpRestClient-1.3-24.0.0.5.jar returned status 404
24.0.0.6			IOException: Tail request on https://maven-central.storage-download.googleapis.com/maven2/io/openliberty/features/mpRestClient-1.3/24.0.0.6/mpRestClient-1.3-24.0.0.6.jar returned status 404
24.0.0.7			IOException: Tail request on https://maven-central.storage-download.googleapis.com/maven2/io/openliberty/features/mpRestClient-1.3/24.0.0.7/mpRestClient-1.3-24.0.0.7.jar returned status 404
24.0.0.8			IOException: Tail request on https://maven-central.storage-download.googleapis.com/maven2/io/openliberty/features/mpRestClient-1.3/24.0.0.8/mpRestClient-1.3-24.0.0.8.jar returned status 404
24.0.0.9			IOException: Tail request on https://maven-central.storage-download.googleapis.com/maven2/io/openliberty/features/mpRestClient-1.3/24.0.0.9/mpRestClient-1.3-24.0.0.9.jar returned status 404
25.0.0.1			IOException: Tail request on https://maven-central.storage-download.googleapis.com/maven2/io/openliberty/features/mpRestClient-1.3/25.0.0.1/mpRestClient-1.3-25.0.0.1.jar returned status 404
25.0.0.10			IOException: Tail request on https://maven-central.storage-download.googleapis.com/maven2/io/openliberty/features/mpRestClient-1.3/25.0.0.10/mpRestClient-1.3-25.0.0.10.jar returned status 404
25.0.0.11			IOException: Tail request on https://maven-central.storage-download.googleapis.com/maven2/io/openliberty/features/mpRestClient-1.3/25.0.0.11/mpRestClient-1.3-25.0.0.11.jar returned status 404
25.0.0.12			IOException: Tail request on https://maven-central.storage-download.googleapis.com/maven2/io/openliberty/features/mpRestClient-1.3/25.0.0.12/mpRestClient-1.3-25.0.0.12.jar returned status 404
25.0.0.2			IOException: Tail request on https://maven-central.storage-download.googleapis.com/maven2/io/openliberty/features/mpRestClient-1.3/25.0.0.2/mpRestClient-1.3-25.0.0.2.jar returned status 404
25.0.0.3			IOException: Tail request on https://maven-central.storage-download.googleapis.com/maven2/io/openliberty/features/mpRestClient-1.3/25.0.0.3/mpRestClient-1.3-25.0.0.3.jar returned status 404
25.0.0.4			IOException: Tail request on https://maven-central.storage-download.googleapis.com/maven2/io/openliberty/features/mpRestClient-1.3/25.0.0.4/mpRestClient-1.3-25.0.0.4.jar returned status 404
25.0.0.5			IOException: Tail request on https://maven-central.storage-download.googleapis.com/maven2/io/openliberty/features/mpRestClient-1.3/25.0.0.5/mpRestClient-1.3-25.0.0.5.jar returned status 404
25.0.0.6			IOException: Tail request on https://maven-central.storage-download.googleapis.com/maven2/io/openliberty/features/mpRestClient-1.3/25.0.0.6/mpRestClient-1.3-25.0.0.6.jar returned status 404
25.0.0.7			IOException: Tail request on https://maven-central.storage-download.googleapis.com/maven2/io/openliberty/features/mpRestClient-1.3/25.0.0.7/mpRestClient-1.3-25.0.0.7.jar returned status 404
25.0.0.8			IOException: Tail request on https://maven-central.storage-download.googleapis.com/maven2/io/openliberty/features/mpRestClient-1.3/25.0.0.8/mpRestClient-1.3-25.0.0.8.jar returned status 404
25.0.0.9			IOException: Tail request on https://maven-central.storage-download.googleapis.com/maven2/io/openliberty/features/mpRestClient-1.3/25.0.0.9/mpRestClient-1.3-25.0.0.9.jar returned status 404
26.0.0.1			IOException: Tail request on https://maven-central.storage-download.googleapis.com/maven2/io/openliberty/features/mpRestClient-1.3/26.0.0.1/mpRestClient-1.3-26.0.0.1.jar returned status 404
26.0.0.2			IOException: Tail request on https://maven-central.storage-download.googleapis.com/maven2/io/openliberty/features/mpRestClient-1.3/26.0.0.2/mpRestClient-1.3-26.0.0.2.jar returned status 404
26.0.0.3			IOException: Tail request on https://maven-central.storage-download.googleapis.com/maven2/io/openliberty/features/mpRestClient-1.3/26.0.0.3/mpRestClient-1.3-26.0.0.3.jar returned status 404
26.0.0.4			IOException: Tail request on https://maven-central.storage-download.googleapis.com/maven2/io/openliberty/features/mpRestClient-1.3/26.0.0.4/mpRestClient-1.3-26.0.0.4.jar returned status 404
26.0.0.5		2026-05-13T20:48:52Z	IOException: Tail request on https://maven-central.storage-download.googleapis.com/maven2/io/openliberty/features/mpRestClient-1.3/26.0.0.5/mpRestClient-1.3-26.0.0.5.jar returned status 404
26.0.0.6		2026-06-09T12:06:15Z	IOException: Tail request on https://maven-central.storage-download.googleapis.com/maven2/io/openliberty/features/mpRestClient-1.3/26.0.0.6/mpRestClient-1.3-26.0.0.6.jar returned status 404
26.0.0.7			IOException: Tail request on https://maven-central.storage-download.googleapis.com/maven2/io/openliberty/features/mpRestClient-1.3/26.0.0.7/mpRestClient-1.3-26.0.0.7.jar returned status 404
26.0.0.8		2026-08-05T12:04:22Z	IOException: Tail request on https://maven-central.storage-download.googleapis.com/maven2/io/openliberty/features/mpRestClient-1.3/26.0.0.8/mpRestClient-1.3-26.0.0.8.jar returned status 404
26.0.0.9			IOException: Tail request on https://maven-central.storage-download.googleapis.com/maven2/io/openliberty/features/mpRestClient-1.3/26.0.0.9/mpRestClient-1.3-26.0.0.9.jar returned status 404
