0.0.43-rc1		2025-08-28T16:29:46Z	
0.0.43-rc2		2025-08-28T17:05:48Z	
0.0.54-beta0			
