0.18.0	named	de.learnlib	learnlib-cache	2025-02-06T15:05:01Z	0.18.0
19.0.0	named	de.learnlib	learnlib-cache	2026-08-12T17:28:02Z	19.0.0
