4.1.11		2026-08-10T13:34:42Z	
4.1.6		2025-09-19T13:41:37Z	
4.1.7		2025-10-12T15:08:25Z	
4.1.8		2026-06-23T07:55:56Z	
4.1.9		2026-06-25T12:03:33Z	
5.0.0			
