0.7.4		2013-01-15T03:41:17Z	
0.9.0		2017-02-06T01:00:09Z	
