5.0.0.13			IOException: Tail request on https://maven-central.storage-download.googleapis.com/maven2/com/deepleaper/alibctradecommon-without-utdid/5.0.0.13/alibctradecommon-without-utdid-5.0.0.13.jar returned status 404
