0.10.0		2020-06-17T13:15:37Z	
0.10.1		2020-06-18T08:48:47Z	
0.11.0		2020-11-11T14:15:39Z	
0.11.1		2021-01-15T15:33:54Z	
0.11.2		2021-03-26T23:09:48Z	
0.12.0		2021-03-30T18:23:03Z	
0.12.1		2021-04-21T14:18:45Z	
0.13.0		2021-04-28T05:35:18Z	
0.13.1		2021-05-18T18:57:19Z	
0.13.2		2021-06-23T07:00:36Z	
0.14.0		2021-08-03T19:13:55Z	
0.30.0		2021-05-28T07:58:08Z	
0.30.1		2021-06-07T13:40:27Z	
0.30.2		2021-06-23T06:47:32Z	
0.31.0		2021-08-03T19:04:32Z	
0.31.1		2021-12-10T09:42:46Z	
0.31.2		2022-01-28T07:43:48Z	
0.31.3		2023-04-07T05:40:07Z	
0.32.0		2023-11-10T09:52:25Z	
0.6.1		2020-01-16T19:45:59Z	
0.6.2		2020-01-25T21:34:28Z	
0.6.3		2020-01-30T17:20:47Z	
0.6.4		2020-02-07T16:17:10Z	
0.7.0		2020-02-10T13:51:02Z	
0.7.1		2020-02-21T07:25:47Z	
0.7.2		2020-03-01T22:34:31Z	
0.7.3		2020-03-19T14:24:50Z	
0.8.0		2020-05-07T12:04:48Z	
0.8.1		2020-06-15T15:21:49Z	
0.9.0		2020-06-17T11:51:02Z	
