0.1.0	named	com.dvoraksw.cn	common-nanoid	2024-01-06T19:18:36Z	
