1.0.2		2021-06-03T05:37:25Z	
