0.10.1.RELEASE		2020-01-09T15:37:20Z	
0.11.0.RELEASE		2020-01-15T13:09:51Z	
0.12.0.RELEASE		2020-01-30T11:40:19Z	
0.13.0.RELEASE		2020-02-03T09:55:44Z	
0.14.0.RELEASE		2020-02-11T11:38:26Z	
0.16.RELEASE		2021-09-15T11:11:58Z	
