1.0.3		2020-01-11T09:44:05Z	
1.0.4		2020-09-23T03:31:30Z	
1.0.5		2020-12-07T03:21:10Z	
1.0.6		2021-01-19T10:09:01Z	
1.0.7		2021-07-22T08:17:29Z	
