0.0.1		2015-01-11T22:31:44Z	
