1.0.0		2012-02-13T06:30:38Z	
1.1.0		2012-03-17T13:22:55Z	
