0.1.0		2014-12-10T12:07:12Z	
0.1.2		2015-01-14T08:25:00Z	
