2.0.0		2025-10-27T12:00:26Z	
2.0.1		2025-11-06T01:34:00Z	
2.0.2		2025-11-15T04:00:19Z	
2.0.4		2025-12-21T11:36:55Z	
2.0.5			
2.0.6		2026-08-03T12:36:14Z	
2.0.7		2026-08-13T09:33:31Z	
