5.0.0-3.0.0-M1-bin-20201029-1f433d5-NIGHTLY		2020-11-12T09:53:09Z	
