0.19.0.RELEASE		2022-06-10T16:50:05Z	
0.20.0.RELEASE		2022-10-06T01:43:14Z	
0.21.0.RELEASE		2023-03-26T06:41:03Z	
0.22.0.RELEASE		2023-08-23T06:32:06Z	
0.23.0.RELEASE		2023-08-23T10:58:16Z	
0.24.0.RELEASE		2024-09-25T07:08:41Z	
0.25.0.RELEASE		2025-03-14T08:09:27Z	
0.26.0.RELEASE		2026-04-01T04:43:31Z	
