0.11.1.1		2022-06-02T16:58:26Z	
0.11.1.11		2022-08-09T21:30:27Z	
0.11.1.12		2022-08-15T23:04:03Z	
0.11.1.13		2022-08-16T19:06:22Z	
0.11.1.14		2022-08-16T20:14:06Z	
0.11.1.15		2022-08-24T19:34:58Z	
0.11.1.16		2022-08-26T21:36:01Z	
0.11.1.17		2022-09-22T23:28:21Z	
0.11.1.18		2022-10-26T03:43:29Z	
0.11.1.19		2022-12-14T22:50:03Z	
0.11.1.2		2022-06-07T18:09:06Z	
0.11.1.20		2023-02-02T01:04:41Z	
0.11.1.22		2023-02-16T21:08:25Z	
0.11.1.23		2023-03-03T21:33:54Z	
0.11.1.24		2023-03-20T19:34:22Z	
0.11.1.25		2023-03-23T00:29:35Z	
0.11.1.26		2023-05-01T19:49:45Z	
0.11.1.27		2023-06-30T03:43:17Z	
0.11.1.28		2023-07-21T02:32:37Z	
0.11.1.29		2023-10-13T22:08:39Z	
0.11.1.3		2022-06-30T19:50:29Z	
0.11.1.30		2023-12-05T23:17:40Z	
0.11.1.31		2024-01-11T00:04:46Z	
0.11.1.32		2024-03-15T18:39:24Z	
0.11.1.33		2024-04-09T19:11:11Z	
0.11.1.4		2022-07-12T16:56:44Z	
0.11.1.8		2022-07-25T18:54:10Z	
0.11.1.9		2022-07-27T23:42:01Z	
